0 4200
0.026829 4200
0.080488 1171.339
0.13415 -765.3234
0.1878 810.2631
0.24146 2032.449
0.29512 2813.97
0.34878 285.0491
0.40244 -1332.057
0.4561 -2366.108
0.50976 -3027.327
0.56341 -3450.14
0.61707 -3720.506
0.67073 -3893.39
0.72439 -4003.939
0.77805 -4074.63
0.83171 -4119.833
0.88537 -4148.737
0.93902 -4167.22
0.99268 -4179.039
1.0463 -3859.863
1.1 -953.8401
1.1537 904.4021
1.2073 2092.646
1.261 2852.463
1.3146 2726.051
1.3683 228.8294
1.422 -1368.007
1.4756 -839.0165
1.5293 977.8255
1.5829 2139.596
1.6366 2882.485
