0 -2100
0.026829 -2100
0.080488 -2100
0.13415 -2100
0.1878 -2100
0.24146 -2100
0.29512 -776.5293
0.34878 260.6174
0.40244 923.8158
0.4561 1347.895
0.50976 1619.07
0.56341 1792.472
0.61707 1903.352
0.67073 1974.255
0.72439 2019.593
0.77805 2048.584
0.83171 2067.122
0.88537 2078.977
0.93902 1947.218
0.99268 487.9736
1.0463 -445.1329
1.1 -1041.803
1.1537 90.98919
1.2073 -698.9826
1.261 -1204.126
1.3146 -1527.138
1.3683 -1733.686
1.422 -1807.076
1.4756 -1865.762
1.5293 -1912.691
1.5829 -1950.218
1.6366 -1980.226
