0 -2100
0.026829 -2100
0.080488 -585.6695
0.13415 382.6617
0.1878 1001.856
0.24146 1397.797
0.29512 1650.98
0.34878 1812.876
0.40244 1916.4
0.4561 1982.598
0.50976 2024.928
0.56341 2051.995
0.61707 2069.304
0.67073 2080.371
0.72439 2087.449
0.77805 2091.974
0.83171 2094.868
0.88537 582.3878
0.93902 -384.7602
0.99268 -1003.198
1.0463 -1398.655
1.1 -1651.529
1.1537 -1813.227
1.2073 -402.294
1.261 499.9203
1.3146 1076.837
1.3683 1445.743
1.422 1681.639
1.4756 1832.481
1.5293 414.6058
1.5829 -492.0476
1.6366 -1071.803
