0 2100
0.026829 2100
0.080488 585.6695
0.13415 -382.6617
0.1878 512.4741
0.24146 1084.864
0.29512 1450.876
0.34878 1684.921
0.40244 1834.58
0.4561 1930.278
0.50976 1396.113
0.56341 135.5722
0.61707 -670.4742
0.67073 -1185.897
0.72439 -1515.481
0.77805 -1726.232
0.83171 -1860.996
0.88537 -1947.17
0.93902 -2002.274
0.99268 -2037.509
1.0463 -2060.041
1.1 -2074.448
1.1537 -2083.661
1.2073 -575.2216
1.261 389.3426
1.3146 1006.128
1.3683 1400.529
1.422 1652.727
1.4756 1813.993
1.5293 402.7839
1.5829 -499.607
1.6366 -1076.637
